035061
779415
849023
407588
455667
562289
578619
216348
880661
426185
151302
459223
464218
299277
549270
785047
283237
595116
237377
031158
149943
691936
805316
151189
802129
933029
390503
115969
584913
893027
131645
576847
180976
846237
718330
046120
787384
212401
185911
702738
044677
667525
966317
445238
309704
500288
166810
537188
034857
600770
252270
288181
134865
878255
235232
257696
844654
787496
993920
445188
505587
161848
216257
867359
395023
985635
361645
498314
012948
899592
082775
201578
037980
511705
714763
194361
011160
196804
055146
647215
824253
556882
921521
938745
339072
554271
528338
522995
208374
007925
302920
294027
091380
013860
463455
105399
518232
952302
503801
157494
104953
016939
345575
856358
563424
966352
953566
502270
777532
401943
639276
684132
984202
401174
334631
014153
021437
637178
510627
371946
067792
096452
127854
805889
818134
732602
831797
101806
218916
890803
378551
966335
247329
160952
751954
403589
675400
144878
706013
210505
956526
403146
150750
740342
665645
332104
764170
905972
147291
650134
899300
706434
424234
450190
577581
982812
812755
119733
100419
466136
424638
139506
319215
745788
625460
003798
701672
405356
823523
406154
174643
435693
855510
415777
017824
252928
462043
541002
345832
755649
185579
547942
516636
062547
013509
717287
331037
200963
780256
950230
103141
074379
001217
587503
420463
483717
014642
664985
953636
170236
576967
868524
702302
898373
990113
862478
286230
923153
434461
782993
292641
689224
418753
298657
047238
878034
192336
998873
394489
385028
005800
441896
585582
844482
312814
835547
583692
243993
297835
088281
665319
167446
982471
910795
493331
427958
866832
640900
293583
034468
520527
326201
675987
906257
780228
290442
105747
804594
285132
802044
886820
360854
567236
887590
892219
797570
508803
481125
803564
765186
075824
007089
327741
242510
106616
246928
540248
293169
305776
786549
183795
851877
917455
588055
844490
521900
605805
718453
221048
522181
444536
798398
070837
272376
259687
023698
278209
006282
229469
004982
987446
383305
237158
370418
348959
467114
742393
816643
473646
570576
412245
831060
572356
796250
809988
721165
749857
126361
150978
150168
933159
844921
933581
728915
953069
073300
514108
214774
168950
557073
972433
484096
138527
133058
205902
412665
125754
669431
367662
604296
637825
330035
693556
984861
041683
258950
716719
288753
343721
045404
721546
817409
547512
069351
488128
593667
360000
176027
325450
718530
401770
626849
086681
533071
052107
368757
711597
695574
627925
252562
491466
158439
211768
341165
880056
408546
284229
340647
571887
388403
253220
968580
447401
378759
617470
815347
354304
660301
668636
599566
547291
158780
466419
775840
419367
133853
298268
305978
046722
783932
645053
372390
141860
764547
737221
495012
549991
927233
222778
661384
635456
622811
905838
270649
425564
149686
458639
941726
564828
763341
955844
681474
580654
511915
982238
323929
580647
295283
656947
555989
933446
496471
392812
307913
689479
562817
678316
647841
381094
463522
479672
561694
470154
284514
072326
565642
000369
706734
464817
434866
442927
459487
669432
878582
225714
558870
715856
512467
665733
967450
806803
196871
423661
659123
631596
608489
718306
660159
414428
703852
612453
546696
483490
341985
975272
756113
478139
977419
475565
082701
076697
956989
188842
999467
975368
667426
444032
242059
268316
323062
828673
417032
557784
800661
396892
006165
428332
589277
868946
295806
226934
699522
982821
619624
245935
750463
055907
317590
953815
459264
942900
505007
958738
925429
974091
787107
157959
665758
542084
191622
913623
530225
413189
133354
775159
360842
398332
093401
316844
443250
106492
621666
986226
670464
828345
386127
301479
388900
588736
238275
803647
377446
474267
435410
254391
873337
087731
490038
771544
561191
490826
724429
788781
581937
503725
064069
841303
283172
432745
497089
708134
010441
991328
763967
609329
590313
934091
390442
238844
707659
609832
157759
880824
069163
743428
601786
111096
976980
389415
799054
134405
036247
037735
785637
426553
987429
123767
572247
938423
165910
330072
105471
348884
578522
838651
884903
113881
037016
795747
953738
818320
661241
565296
067632
549832
835888
874298
347866
792457
803716
199788
587106
940648
437884
585868
679649
618528
144329
372352
731439
208485
346191
025679
506054
437790
640780
216057
159816
899414
059751
015205
328933
740834
533676
283278
372002
555340
936921
394854
472811
841061
518272
288870
219696
063465
641778
021840
288086
209170
776344
001198
112518
556464
205124
113067
669708
731982
948506
026730
164480
259341
424533
839609
421096
324773
910846
908464
949829
762081
614203
506782
403469
055959
947145
429049
321192
452920
025522
616320
084998
120262
627819
814586
747591
799118
023261
433434
547997
593442
723934
758207
542805
481391
072316
790106
793623
570780
420660
987128
919229
829303
752742
987063
053785
789923
005135
620196
395011
519907
677589
991427
291201
932663
916006
075726
937289
128340
454830
353954
753457
041781
703739
897470
625913
588823
659928
018393
492131
493106
466340
825810
811662
131544
605126
962518
501304
388664
979024
704238
025278
148470
808674
383287
879522
326055
980947
040039
567007
095967
419226
836820
745958
826746
547265
127249
944548
823338
342916
781709
231967
072446
320674
600811
690782
808106
903357
182269
822825
186384
865605
297742
652870
072456
995825
201763
402276
642121
141606
407980
620809
169607
491825
232312
164974
947149
075256
927209
924378
696203
719425
355072
884525
639179
958590
061223
978487
767149
803032
929998
907029
537687
375109
292715
128019
129843
797657
314944
065268
070003
915999
489156
007493
102648
547767
160679
810957
557507
839095
062868
574633
735920
685457
330462
160346
423009
472995
155890
645803
220356
118520
680099
504286
462073
395522
244218
598597
479099
666963
412997
133774
725574
211143
101917
250661
304872
256704
457761
294385
223511
661151
576178
533502
653082
814365
422657
726545
518161
356654
057785
430815
708454
125234
389176
772560
215298
078835
468981
532449
148515
536365
164267
704714
998334
268019
595321
159577
579140
551585
223235
406940
255105
872788
964114
857380
022616
651464
961330
148779
275915
117380
265303
919144
388156
293906
418378
596247
560475
825950
790290
954713
784310
266335
037524
794725
012605
974525
551286
700752
324728
441723
232684
139577
379344
899473
237509
852010
655625
552518
197036
370240
127541
706580
047218
029732
681615
849603
796546
542463
386281
749800
405367
936701
377624
974712
088090
251909
893585
843505
112815
014135
160470
462732
416786
200681
204838
556593
731124
475066
998978
218612
469010
616720
269996
587376
198279
628741
702585
623512
190049
760508
682456
849009
761114
553650
746818
686043
627557
625759
416991
968569
529326
610685
350145
088687
976752
927861
442503
268274
093853
862447
830538
782135
451400
109686
962128
113387
375710
257527
537618
206531
364712
642123
160022
877740
580436
594988
142576
805907
306382
351696
447857
693140
932423
375005
241502
249944
913248
533707
234855
381631
